LINECODE,STATIONCODE,DIRECTION,NEXTSTATIONCODE,PARKTIME
1,125,1,124,0
1,125,0,0,0
1,124,1,123,30
1,124,0,125,30
1,123,1,122,30
1,123,0,124,30
1,122,1,121,40
1,122,0,123,40
1,121,1,120,30
1,121,0,122,30
1,120,1,119,60
1,120,0,121,60
1,119,1,118,40
1,119,0,120,40
1,118,1,117,30
1,118,0,119,30
1,117,1,116,30
1,117,0,118,30
1,116,1,115,30
1,116,0,117,30
1,115,1,114,30
1,115,0,116,30
1,114,1,113,40
1,114,0,115,40
1,113,1,112,30
1,113,0,114,30
1,112,1,111,30
1,112,0,113,30
1,111,1,110,40
1,111,0,112,40
1,110,1,109,60
1,110,0,111,60
1,109,1,108,50
1,109,0,110,50
1,108,1,107,40
1,108,0,109,40
1,107,1,106,40
1,107,0,108,40
1,106,1,105,30
1,106,0,107,30
1,105,1,104,30
1,105,0,106,30
1,104,1,103,30
1,104,0,105,30
1,103,1,0,0
1,103,0,104,0
2,218,1,217,60
2,218,0,201,60
2,217,1,216,30
2,217,0,218,60
2,216,1,215,30
2,216,0,217,30
2,215,1,214,45
2,215,0,216,30
2,214,1,213,60
2,214,0,215,45
2,213,1,212,30
2,213,0,214,60
2,212,1,211,30
2,212,0,213,30
2,211,1,210,60
2,211,0,212,30
2,210,1,209,60
2,210,0,211,60
2,209,1,208,45
2,209,0,210,60
2,208,1,207,30
2,208,0,209,45
2,207,1,206,30
2,207,0,208,30
2,206,1,205,30
2,206,0,207,30
2,205,1,204,30
2,205,0,206,30
2,204,1,203,60
2,204,0,205,30
2,203,1,202,30
2,203,0,204,60
2,202,1,201,30
2,202,0,203,30
2,201,1,218,60
2,201,0,202,30
4,421,1,423,0
4,421,0,0,0
4,423,1,425,30
4,423,0,421,30
4,425,1,427,30
4,425,0,423,30
4,427,1,429,25
4,427,0,425,25
4,429,1,431,25
4,429,0,427,25
4,431,1,433,40
4,431,0,429,40
4,433,1,435,40
4,433,0,431,40
4,435,1,437,30
4,435,0,433,30
4,437,1,439,25
4,437,0,435,25
4,439,1,441,40
4,439,0,437,40
4,441,1,443,30
4,441,0,439,30
4,443,1,445,40
4,443,0,441,40
4,445,1,447,25
4,445,0,443,25
4,447,1,449,30
4,447,0,445,30
4,449,1,451,40
4,449,0,447,40
4,451,1,453,30
4,451,0,449,30
4,453,1,455,40
4,453,0,451,40
4,455,1,457,40
4,455,0,453,40
4,457,1,459,40
4,457,0,455,40
4,459,1,461,25
4,459,0,457,25
4,461,1,463,40
4,461,0,459,40
4,463,1,465,25
4,463,0,461,25
4,465,1,467,30
4,465,0,463,30
4,467,1,0,30
4,467,0,465,30
5,521,1,523,0
5,521,0,0,0
5,523,1,525,30
5,523,0,521,30
5,525,1,527,30
5,525,0,523,30
5,527,1,529,50
5,527,0,525,50
5,529,1,531,30
5,529,0,527,30
5,531,1,533,30
5,531,0,529,30
5,533,1,535,30
5,533,0,531,30
5,535,1,537,30
5,535,0,533,30
5,537,1,539,30
5,537,0,535,30
5,539,1,541,30
5,539,0,537,30
5,541,1,543,30
5,541,0,539,30
5,543,1,545,50
5,543,0,541,50
5,545,1,547,30
5,545,0,543,30
5,547,1,549,30
5,547,0,545,30
5,549,1,551,30
5,549,0,547,30
5,551,1,553,30
5,551,0,549,30
5,553,1,555,50
5,553,0,551,50
5,555,1,557,50
5,555,0,553,50
5,557,1,559,30
5,557,0,555,30
5,559,1,561,30
5,559,0,557,30
5,561,1,563,30
5,561,0,559,30
5,563,1,565,30
5,563,0,561,30
5,565,1,0,0
5,565,0,563,0
6,677,1,675,0
6,677,0,0,0
6,675,1,673,35
6,675,0,677,35
6,673,1,671,35
6,673,0,675,35
6,671,1,669,0
6,671,0,673,0
6,669,1,667,35
6,669,0,671,35
6,667,1,665,0
6,667,0,669,0
6,665,1,663,35
6,665,0,667,35
6,663,1,661,40
6,663,0,665,40
6,661,1,659,45
6,661,0,663,45
6,659,1,657,35
6,659,0,661,35
6,657,1,655,35
6,657,0,659,35
6,655,1,653,35
6,655,0,657,35
6,653,1,651,40
6,653,0,655,40
6,651,1,649,35
6,651,0,653,35
6,649,1,647,35
6,649,0,651,35
6,647,1,645,55
7,733,0,735,35
7,731,1,729,30
7,731,0,733,30
7,729,1,727,50
7,729,0,731,50
7,727,1,725,35
7,727,0,729,35
7,725,1,723,35
7,725,0,727,35
7,723,1,721,35
7,723,0,725,35
7,721,1,0,0
7,721,0,723,0
8,839,1,811,0
8,839,0,0,0
8,837,1,811,30
8,837,0,0,30
8,811,1,813,35
8,811,0,839,35
8,809,1,813,30
8,809,0,839,30
8,807,1,813,30
8,807,0,839,30
8,805,1,813,0
8,805,0,839,0
8,813,1,815,45
8,813,0,811,45
8,815,1,817,40
8,815,0,813,40
8,817,1,819,35
8,817,0,815,35
8,819,1,821,40
8,819,0,817,40
8,821,1,823,30
8,821,0,819,30
8,823,1,825,30
8,823,0,821,30
8,825,1,827,30
8,825,0,823,30
8,827,1,829,30
8,827,0,825,30
8,829,1,831,60
8,829,0,827,60
8,831,1,833,40
8,831,0,829,40
8,833,1,835,30
8,833,0,831,30
8,835,1,0,45
8,835,0,833,45
9,921,1,923,0
9,921,0,0,0
9,923,1,925,60
9,923,0,921,60
9,925,1,927,35
10,1033,0,1031,30
10,1035,1,1037,50
10,1035,0,1033,50
10,1037,1,1039,30
10,1037,0,1035,30
10,1039,1,1041,50
10,1039,0,1037,50
10,1041,1,1043,30
10,1041,0,1039,30
10,1043,1,0,35
10,1043,0,1041,35
13,1321,1,1323,0
13,1321,0,0,0
13,1323,1,1325,30
13,1323,0,1321,30
13,1325,1,1327,30
13,1325,0,1323,30
13,1327,1,1329,30
13,1327,0,1325,45
13,1329,1,1331,30
13,1329,0,1327,45
13,1331,1,1333,45
13,1331,0,1329,50
13,1333,1,1335,30
13,1333,0,1331,60
13,1335,1,1337,30
13,1335,0,1333,60
13,1337,1,1339,30
13,1337,0,1335,30
13,1339,1,1341,40
13,1339,0,1337,40
13,1341,1,1343,40
13,1341,0,1339,30
13,1343,1,1345,40
13,1343,0,1341,30
13,1345,1,1347,30
13,1345,0,1343,30
13,1347,1,1349,30
13,1347,0,1345,30
13,1349,1,1351,30
13,1349,0,1347,30
13,1351,1,0,0
13,1351,0,1349,0
14,1493,1,1491,0
14,1493,0,0,0
14,1491,1,1489,30
14,1491,0,1493,30
14,1489,1,1487,40
14,1489,0,1491,40
14,1487,1,1485,40
14,1487,0,1489,40
14,1485,1,1483,45
14,1485,0,1487,45
14,1483,1,1481,40
14,1483,0,1485,40
14,1481,1,1479,40
14,1481,0,1483,40
14,1479,1,1477,40
14,1479,0,1481,40
14,1477,1,1475,30
14,1477,0,1479,30
14,1475,1,1473,30
14,1475,0,1477,30
14,1473,1,1471,45
14,1473,0,1475,45
14,1471,1,1469,45
14,1471,0,1473,45
14,1469,1,1467,0
14,1469,0,1471,0
14,1467,1,1465,45
14,1467,0,1469,45
14,1465,1,1463,45
14,1465,0,1467,45
14,1463,1,1461,45
14,1463,0,1465,45
14,1461,1,1459,40
14,1461,0,1463,40
14,1459,1,1457,0
14,1459,0,1461,0
14,1457,1,1455,45
14,1457,0,1459,45
14,1455,1,1453,45
14,1455,0,1457,45
14,1453,1,1451,45
14,1453,0,1455,45
14,1451,1,1449,40
14,1451,0,1453,40
14,1449,1,1447,40
14,1449,0,1451,40
14,1447,1,1445,0
14,1447,0,1449,0
14,1445,1,1433,45
14,1445,0,1447,45
14,1433,1,1431,0
14,1433,0,1445,0
14,1431,1,1429,45
14,1431,0,1433,45
14,1429,1,1427,50
14,1429,0,1431,50
14,1427,1,1425,40
14,1427,0,1429,40
14,1425,1,1423,35
14,1425,0,1427,35
14,1423,1,1421,40
14,1423,0,1425,40
14,1421,1,0,0
14,1421,0,1423,0
15,1563,1,1561,0
16,1635,0,1633,50
16,1637,1,1639,45
16,1637,0,1635,45
16,1639,1,0,0
16,1639,0,1637,0
84,8431,1,8429,0
84,8431,0,0,0
84,8429,1,8427,120
84,8429,0,8431,120
84,8427,1,8425,120
84,8427,0,8429,120
84,8425,1,8423,120
84,8425,0,8427,120
84,8423,1,8421,120
84,8423,0,8425,120
84,8421,1,0,0
84,8421,0,8423,0
85,8529,1,8527,0
85,8529,0,0,0
85,8527,1,8525,300
85,8527,0,8529,300
85,8525,1,8523,300
85,8525,0,8527,300
85,8523,1,0,0
85,8523,0,8525,0
89,8931,1,8929,0
89,8931,0,0,0
89,8929,1,8927,30
89,8929,0,8931,30
89,8927,1,8925,30
89,8927,0,8929,30
89,8925,1,8923,30
89,8925,0,8927,30
89,8923,1,8921,30
89,8923,0,8925,30
89,8921,1,0,0
89,8921,0,8923,0
90,9051,1,9053,55
90,9051,0,0,50
90,9053,1,9055,60
90,9053,0,9051,55
90,9055,1,9057,40
90,9055,0,9053,35
90,9057,1,9059,50
90,9057,0,9055,50
90,9059,1,9061,30
90,9059,0,9057,30
90,9061,1,9063,45
90,9061,0,9059,45
90,9063,1,9065,30
90,9063,0,9061,30
90,9065,1,9067,30
90,9065,0,9063,30
90,9067,1,9069,30
90,9067,0,9065,30
90,9069,1,9021,0
90,9069,0,9067,0
90,9021,1,9023,0
90,9021,0,9069,0
90,9023,1,9025,35
90,9023,0,9021,35
90,9025,1,9027,30
90,9025,0,9023,30
90,9027,1,9029,30
90,9027,0,9025,30
90,9029,1,9031,40
90,9029,0,9027,40
90,9031,1,9033,50
90,9031,0,9029,50
90,9033,1,9035,35
90,9033,0,9031,35
90,9035,1,9037,35
90,9035,0,9033,35
90,9037,1,9039,30
90,9037,0,9035,30
90,9039,1,9041,45
90,9039,0,9037,45
90,9041,1,9043,30
90,9041,0,9039,30
90,9043,1,9045,30
90,9043,0,9041,30
90,9045,1,9047,45
90,9045,0,9043,45
90,9047,1,9049,40
90,9047,0,9045,35
90,9049,1,0,30
90,9049,0,9047,30
91,9133,1,9131,0
91,9133,0,0,0
91,9131,1,9129,40
91,9131,0,9133,40
91,9129,1,9127,40
91,9129,0,9131,40
91,9127,1,9125,40
91,9127,0,9129,40
91,9125,1,9123,40
91,9125,0,9127,40
91,9123,1,9121,40
91,9123,0,9125,40
91,9121,1,0,0
91,9121,0,9123,0
92,9237,1,9235,0
92,9237,0,0,0
92,9235,1,9233,30
92,9235,0,9237,30
92,9233,1,9231,40
92,9233,0,9235,40
92,9231,1,9229,40
6,647,0,649,55
6,645,1,643,35
6,645,0,647,35
6,643,1,641,55
6,643,0,645,55
6,641,1,639,53
6,641,0,643,53
6,639,1,637,53
6,639,0,641,53
6,637,1,635,35
6,637,0,639,35
6,635,1,633,53
6,635,0,637,53
6,633,1,631,50
6,633,0,635,50
6,631,1,627,35
6,631,0,633,35
6,627,1,625,53
6,627,0,631,53
6,625,1,623,33
6,625,0,627,33
6,623,1,621,53
6,623,0,625,53
6,621,1,0,0
6,621,0,623,0
7,761,1,759,0
7,761,0,0,0
7,759,1,757,30
7,759,0,761,30
7,757,1,755,0
7,757,0,759,0
7,755,1,753,45
7,755,0,757,45
7,753,1,751,30
7,753,0,755,30
7,751,1,749,30
7,751,0,753,30
7,749,1,747,40
7,749,0,751,40
7,747,1,745,30
7,747,0,749,30
7,745,1,743,35
7,745,0,747,35
7,743,1,741,0
7,743,0,745,0
7,741,1,739,35
7,741,0,743,35
7,739,1,737,35
7,739,0,741,35
7,737,1,735,50
7,737,0,739,50
7,735,1,733,30
7,735,0,737,30
7,733,1,731,35
9,925,0,923,35
9,927,1,929,60
9,927,0,925,60
9,929,1,931,60
9,929,0,927,60
9,931,1,933,35
9,931,0,929,35
9,933,1,935,60
9,933,0,931,60
9,935,1,937,35
9,935,0,933,35
9,937,1,939,30
9,937,0,935,30
9,939,1,941,35
9,939,0,937,35
9,941,1,943,30
9,941,0,939,30
9,943,1,945,30
9,943,0,941,30
9,945,1,0,0
9,945,0,943,0
10,1001,1,1003,30
10,1001,0,0,30
10,1003,1,1005,30
10,1003,0,1001,30
10,1005,1,1007,45
10,1005,0,1003,45
10,1007,1,1009,30
10,1007,0,1005,30
10,1009,1,1011,50
10,1009,0,1007,50
10,1011,1,1013,30
10,1011,0,1009,30
10,1013,1,1015,30
10,1013,0,1011,30
10,1015,1,1017,30
10,1015,0,1013,30
10,1017,1,1019,59
10,1017,0,1015,59
10,1019,1,1021,45
10,1019,0,1017,45
10,1021,1,1023,50
10,1021,0,1019,50
10,1023,1,1025,60
10,1023,0,1021,60
10,1025,1,1027,30
10,1025,0,1023,30
10,1027,1,1029,40
10,1027,0,1025,40
10,1029,1,1031,30
10,1029,0,1027,30
10,1031,1,1033,30
10,1031,0,1029,30
10,1033,1,1035,30
15,1563,0,0,0
15,1561,1,1559,35
15,1561,0,1563,30
15,1559,1,1557,35
15,1559,0,1561,30
15,1557,1,1555,30
15,1557,0,1559,30
15,1555,1,1553,45
15,1555,0,1557,45
15,1553,1,1551,30
15,1553,0,1555,30
15,1551,1,1549,45
15,1551,0,1553,45
15,1549,1,1547,30
15,1549,0,1551,30
15,1547,1,1545,35
15,1547,0,1549,35
15,1545,1,1543,30
15,1545,0,1547,30
15,1543,1,1541,30
15,1543,0,1545,30
15,1541,1,1539,55
15,1541,0,1543,55
15,1539,1,1537,60
15,1539,0,1541,60
15,1537,1,1535,30
15,1537,0,1539,30
15,1535,1,1533,45
15,1535,0,1537,45
15,1533,1,1531,30
15,1533,0,1535,30
15,1531,1,1529,60
15,1531,0,1533,60
15,1529,1,1527,30
15,1529,0,1531,30
15,1527,1,1525,30
15,1527,0,1529,30
15,1525,1,0,0
15,1525,0,1527,0
16,1621,1,1623,0
16,1621,0,0,0
16,1623,1,1625,40
16,1623,0,1621,40
16,1625,1,1627,40
16,1625,0,1623,40
16,1627,1,1629,40
16,1627,0,1625,40
16,1629,1,1631,45
16,1629,0,1627,45
16,1631,1,1633,45
16,1631,0,1629,45
16,1633,1,1635,45
16,1633,0,1631,45
16,1635,1,1637,50
92,9231,0,9233,40
92,9229,1,9227,30
92,9229,0,9231,30
92,9227,1,9225,30
92,9227,0,9229,30
92,9225,1,9223,40
92,9225,0,9227,40
92,9223,1,9221,40
92,9223,0,9225,40
92,9221,1,0,0
92,9221,0,9223,0
93,9319,1,9321,0
93,9319,0,0,0
93,9321,1,9323,25
93,9321,0,9319,25
93,9323,1,9325,25
93,9323,0,9321,25
93,9325,1,9327,25
93,9325,0,9323,25
93,9327,1,9329,25
93,9327,0,9325,25
93,9329,1,9331,25
93,9329,0,9327,25
93,9331,1,9333,30
93,9331,0,9329,30
93,9333,1,9335,25
93,9333,0,9331,25
93,9335,1,9337,25
93,9335,0,9333,25
93,9337,1,9339,30
93,9337,0,9335,30
93,9339,1,9341,23
93,9339,0,9337,25
93,9341,1,0,0
93,9341,0,9339,0
94,9419,1,9421,0
94,9419,0,0,0
94,9421,1,9423,30
94,9421,0,9419,30
94,9423,1,9425,30
94,9423,0,9421,30
94,9425,1,9427,30
94,9425,0,9423,30
94,9427,1,9429,30
94,9427,0,9425,30
94,9429,1,9431,30
94,9429,0,9427,30
94,9431,1,9433,30
94,9431,0,9429,30
94,9433,1,9435,40
94,9433,0,9431,40
94,9435,1,9437,40
94,9435,0,9433,40
94,9437,1,9439,45
96,9645,0,9643,45
96,9647,1,0,0
96,9647,0,9645,0
97,9713,1,9712,0
97,9713,0,0,0
97,9712,1,9711,25
97,9712,0,9713,25
97,9711,1,9710,30
97,9711,0,9712,30
97,9710,1,9709,30
97,9710,0,9711,30
97,9709,1,9708,30
97,9709,0,9710,30
97,9708,1,9707,40
97,9708,0,9709,30
97,9707,1,9706,30
97,9707,0,9708,30
97,9706,1,9705,40
97,9706,0,9707,30
97,9705,1,9704,50
97,9705,0,9706,30
97,9704,1,9703,50
97,9704,0,9705,30
97,9703,1,9702,30
97,9703,0,9704,30
97,9702,1,9701,30
97,9702,0,9703,30
97,9701,1,0,0
97,9701,0,9702,0
94,9437,0,9435,45
94,9439,1,9441,50
94,9439,0,9437,50
94,9441,1,0,0
94,9441,0,9439,0
95,9543,1,9521,0
95,9543,0,0,0
95,9521,1,9523,0
95,9521,0,9543,0
95,9523,1,9525,30
95,9523,0,9521,30
95,9525,1,9527,30
95,9525,0,9523,30
95,9527,1,9529,30
95,9527,0,9525,30
95,9529,1,9531,30
95,9529,0,9527,30
95,9531,1,9533,30
95,9531,0,9529,30
95,9533,1,9535,30
95,9533,0,9531,30
95,9535,1,9537,30
95,9535,0,9533,30
95,9537,1,9539,30
95,9537,0,9535,30
95,9539,1,9541,35
95,9539,0,9537,35
95,9541,1,0,45
95,9541,0,9539,45
96,9621,1,9623,0
96,9621,0,0,0
96,9623,1,9625,30
96,9623,0,9621,30
96,9625,1,9627,30
96,9625,0,9623,30
96,9627,1,9629,30
96,9627,0,9625,30
96,9629,1,9631,35
96,9629,0,9627,35
96,9631,1,9633,30
96,9631,0,9629,30
96,9633,1,9635,30
96,9633,0,9631,30
96,9635,1,9637,30
96,9635,0,9633,30
96,9637,1,9639,30
96,9637,0,9635,30
96,9639,1,9641,30
96,9639,0,9637,30
96,9641,1,9643,30
96,9641,0,9639,30
96,9643,1,9645,35
96,9643,0,9641,35
96,9645,1,9647,45